     1. TURNING CIRCLE TO PORT
         1      0.000      0.000      0.000      0.000
         2      0.067     -0.224     -0.100     23.757
         3      0.133     -1.563     -0.759     47.332
         4      0.200     -5.090     -2.848     70.533
         5      0.267    -10.878     -7.181     92.924
         6      0.333    -18.000    -14.018    113.854
         7      0.400    -25.661    -23.104    132.673
         8      0.467    -33.761    -34.079    149.012
         9      0.533    -42.365    -46.695    162.775
        10      0.600    -51.269    -60.646    173.898
        11      0.667    -60.000    -75.286    182.288
        12      0.733    -68.209    -89.722    188.001
        13      0.800    -76.085   -103.281    191.305
        14      0.867    -83.946   -115.642    192.564
        15      0.933    -91.930   -126.780    192.139
        16      1.000   -100.000   -136.904    190.304
        17      1.067   -108.095   -146.339    187.167
        18      1.133   -116.088   -155.195    182.771
        19      1.200   -123.833   -163.335    177.247
        20      1.267   -131.185   -170.578    170.832
        21      1.333   -138.000   -176.867    163.757
        22      1.400   -144.341   -182.219    156.191
        23      1.467   -151.109   -186.565    148.183
        24      1.533   -159.358   -189.680    139.726
        25      1.600   -168.839   -191.337    130.975
        26      1.667   -178.000   -191.570    122.335
        27      1.733   -185.685   -190.698    114.256
        28      1.800   -192.540   -189.008    106.952
        29      1.867   -199.631   -186.615    100.428
        30      1.933   -207.267   -183.566     94.646
        31      2.000   -215.000   -179.977     89.623
        32      2.067   -222.440   -176.022     85.382
        33      2.133   -229.551   -171.824     81.876
        34      2.200   -236.392   -167.403     79.004
        35      2.267   -243.121   -162.742     76.705
        36      2.333   -250.000   -157.888     74.999
        37      2.400   -257.192   -152.959     73.938
        38      2.467   -264.453   -148.026     73.517
        39      2.533   -271.449   -143.068     73.702
        40      2.600   -278.186   -138.066     74.485
        41      2.667   -285.000   -133.113     75.880
        42      2.733   -292.137   -128.398     77.870
        43      2.800   -299.408   -124.069     80.387
        44      2.867   -306.521   -120.195     83.338
        45      2.933   -313.364   -116.781     86.654
        46      3.000   -320.000   -113.791     90.323
        47      3.067   -326.490   -111.188     94.381
        48      3.133   -332.858   -109.008     98.795
        49      3.200   -339.122   -107.326    103.414
        50      3.267   -345.420   -106.188    108.084
        51      3.333   -352.000   -105.603    112.781
        52      3.400   -359.032   -105.599    117.576
        53      3.467   -366.333   -106.221    122.442
        54      3.533   -373.640   -107.466    127.223
        55      3.600   -380.847   -109.275    131.741
***
   192.242
   124.088
   191.343
          (Y-COORDINATE)  =    120.232 M
