     1. TURNING CIRCLE TO STARBOARD
         1      0.000      0.000      0.000      0.000
         2      0.067      1.305      0.493     21.341
         3      0.133      3.405      1.747     42.182
         4      0.200      7.072      4.329     62.818
         5      0.267     12.640      8.919     83.161
         6      0.333     20.000     15.919    102.292
         7      0.400     28.869     25.095    118.857
         8      0.467     38.354     35.844    132.376
         9      0.533     47.439     47.913    143.400
        10      0.600     55.839     61.364    152.468
        11      0.667     64.000     75.814    159.456
        12      0.733     72.304     90.300    164.019
        13      0.800     80.752    104.083    166.207
        14      0.867     89.249    116.978    166.320
        15      0.933     97.698    128.984    164.640
        16      1.000    106.000    139.848    161.466
        17      1.067    114.089    149.172    157.237
        18      1.133    122.041    156.793    152.407
        19      1.200    129.965    162.818    147.296
        20      1.267    137.938    167.479    142.064
        21      1.333    146.000    171.011    136.752
        22      1.400    154.141    173.600    131.313
        23      1.467    162.139    175.349    125.746
        24      1.533    169.735    176.319    120.145
        25      1.600    176.931    176.571    114.635
        26      1.667    184.000    176.153    109.301
        27      1.733    191.162    175.100    104.195
        28      1.800    198.389    173.434     99.330
        29      1.867    205.597    171.154     94.683
        30      1.933    212.778    168.253     90.271
        31      2.000    220.000    164.773     86.207
        32      2.067    227.290    160.836     82.647
        33      2.133    234.494    156.572     79.672
        34      2.200    241.421    152.067     77.281
        35      2.267    248.145    147.382     75.463
        36      2.333    255.000    142.597     74.240
        37      2.400    262.205    137.814     73.643
        38      2.467    269.472    133.079     73.657
        39      2.533    276.409    128.348     74.248
        40      2.600    283.078    123.603     75.415
        41      2.667    290.000    118.984     77.165
        42      2.733    297.526    114.740     79.450
        43      2.800    305.250    111.006     82.166
        44      2.867    312.595    107.763     85.233
        45      2.933    319.415    104.956     88.607
        46      3.000    326.000    102.592     92.225
        47      3.067    332.564    100.707     95.994
        48      3.133    338.950     99.284     99.866
        49      3.200    344.932     98.270    103.880
        50      3.267    350.727     97.653    108.077
        51      3.333    357.000     97.497    112.396
        52      3.400    364.162     97.880    116.672
        53      3.467    371.534     98.785    120.758
        54      3.533    378.199    100.115    124.581
        55      3.600    384.092    101.786    128.149
        56      3.667    390.000    103.801    131.500
        57      3.733    396.538    106.231    134.660
        58      3.800    403.495    109.099    137.574
        59      3.867    410.463    112.321    140.133
        60      3.933    417.273    115.759    142.252
***
   166.171
   118.045
   176.389
          (Y-COORDINATE)  =    112.319 M
