     1. TURNING CIRCLE TO PORT
         1      0.000      0.000      0.000      0.000
         2      0.067      0.091      0.043     25.821
         3      0.133      0.992      0.493     51.494
         4      0.200      3.493      2.076     77.312
         5      0.267      7.893      5.711    103.466
         6      0.333     14.000     12.295    129.819
         7      0.400     21.516     22.567    155.833
         8      0.467     29.799     36.758    180.576
         9      0.533     38.128     54.375    202.987
        10      0.600     45.973     74.416    222.327
        11      0.667     53.000     95.795    238.407
        12      0.733     58.890    117.556    251.509
        13      0.800     63.370    138.986    262.225
        14      0.867     66.181    159.657    271.320
        15      0.933     67.111    179.470    279.655
        16      1.000     66.000    198.656    288.166
        17      1.067     62.800    217.570    297.851
        18      1.133     57.915    236.225    309.506
        19      1.200     51.854    254.216    323.588
        20      1.267     45.080    270.992    340.258
        21      1.333     38.000    286.103    359.527
        22      1.400     30.917    299.190    381.284
        23      1.467     23.714    309.745    405.182
        24      1.533     16.188    317.163    430.534
        25      1.600      8.463    321.084    456.495
        26      1.667      1.000    321.596    482.418
        27      1.733     -5.895    319.024    507.922
        28      1.800    -12.577    313.593    532.552
        29      1.867    -19.545    305.466    555.634
        30      1.933    -26.831    294.946    576.570
        31      2.000    -34.000    282.455    595.200
        32      2.067    -40.698    268.337    611.709
        33      2.133    -46.973    252.867    626.234
        34      2.200    -52.980    236.337    638.778
        35      2.267    -58.910    218.995    649.309
        36      2.333    -65.000    200.932    657.802
        37      2.400    -71.391    182.149    664.196
        38      2.467    -77.849    162.804    668.430
        39      2.533    -84.074    143.252    670.528
        40      2.600    -90.441    123.849    670.448
        41      2.667    -98.000    104.889    667.854
        42      2.733   -107.241     86.758    662.302
        43      2.800   -116.302     69.858    654.029
        44      2.867   -122.839     54.182    643.999
        45      2.933   -126.914     39.506    633.067
        46      3.000   -131.000     25.946    621.377
        47      3.067   -136.896     13.980    608.699
        48      3.133   -143.280      3.802    595.175
        49      3.200   -148.108     -4.932    581.276
        50      3.267   -150.550    -12.841    567.414
        51      3.333   -151.000    -20.486    553.770
        52      3.400   -150.394    -28.213    540.318
        53      3.467   -151.631    -35.672    526.659
        54      3.533   -157.906    -41.664    512.101
        55      3.600   -167.944    -45.083    496.471
        56      3.667   -176.000    -46.298    480.260
        57      3.733   -177.832    -47.005    463.818
        58      3.800   -175.982    -48.255    447.258
        59      3.867   -174.569    -49.926    430.615
        60      3.933   -175.006    -51.488    413.782
        61      4.000   -176.000    -52.789    396.546
        62      4.067   -176.419    -54.010    378.629
        63      4.133   -176.237    -55.347    359.918
        64      4.200   -175.711    -56.915    340.512
        65      4.267   -175.167    -58.716    320.596
        66      4.333   -175.000    -60.611    300.312
        67      4.400   -175.427    -62.379    279.761
        68      4.467   -175.934    -63.978    259.059
        69      4.533   -175.857    -65.607    238.348
        70      4.600   -175.272    -67.446    217.694
        71      4.667   -175.000    -69.389    197.001
        72      4.733   -175.554    -71.153    176.062
        73      4.800   -176.098    -72.741    154.826
        74      4.867   -175.517    -74.561    133.444
        75      4.933   -173.992    -76.951    112.116
        76      5.000   -173.000    -79.703     90.892
        77      5.067   -173.633    -82.219     69.678
        78      5.133   -175.210    -84.153     48.392
        79      5.200   -176.634    -85.563     26.994
        80      5.267   -177.482    -86.664      5.475
        81      5.333   -178.000    -87.575    -16.113
        82      5.400   -178.422    -88.327    -37.671
        83      5.467   -178.811    -88.932    -59.129
***
   670.454
   125.194
     0.000
          (Y-COORDINATE)  =      0.000 M
