     1. TURNING CIRCLE TO STARBOARD
         1      0.000      0.000      0.000      0.000
         2      0.067      0.757      0.358     26.543
         3      0.133      2.477      1.509     52.839
         4      0.200      6.085      4.335     79.156
         5      0.267     11.571      9.779    105.605
         6      0.333     18.000     18.398    132.014
         7      0.400     24.663     30.371    157.984
         8      0.467     31.934     45.786    182.616
         9      0.533     40.421     64.463    204.453
        10      0.600     49.835     85.645    222.246
        11      0.667     59.000    108.257    235.754
        12      0.733     67.028    131.463    245.513
        13      0.800     74.357    154.745    251.954
        14      0.867     81.734    177.685    255.208
        15      0.933     89.381    199.899    255.367
        16      1.000     97.000    221.131    252.677
        17      1.067    104.344    241.256    247.442
        18      1.133    111.473    260.076    239.943
        19      1.200    118.517    277.269    230.497
        20      1.267    125.432    292.575    219.493
        21      1.333    132.000    305.969    207.307
        22      1.400    138.097    317.595    194.208
        23      1.467    144.001    327.544    180.349
        24      1.533    150.082    335.791    165.819
        25      1.600    156.459    342.247    150.745
        26      1.667    163.000    346.841    135.366
        27      1.733    169.556    349.570    119.985
        28      1.800    175.937    350.541    104.820
        29      1.867    181.953    349.926     89.944
        30      1.933    187.588    347.880     75.408
        31      2.000    193.000    344.531     61.398
        32      2.067    198.379    340.022     48.180
        33      2.133    204.003    334.419     35.871
        34      2.200    210.144    327.642     24.426
        35      2.267    216.462    319.687     13.855
        36      2.333    222.000    310.926      4.299
        37      2.400    226.351    301.955     -4.102
        38      2.467    231.421    292.855    -11.221
        39      2.533    239.547    283.115    -16.820
        40      2.600    249.805    272.377    -20.649
        41      2.667    258.000    260.879    -22.970
        42      2.733    261.205    249.064    -24.671
        43      2.800    262.119    237.185    -26.186
        44      2.867    264.728    225.362    -27.146
        45      2.933    270.223    213.694    -26.970
        46      3.000    277.000    202.273    -25.434
        47      3.067    283.576    191.100    -22.597
        48      3.133    289.431    180.163    -18.591
        49      3.200    294.310    169.453    -13.594
        50      3.267    298.534    158.987     -7.734
        51      3.333    303.000    148.888     -0.992
        52      3.400    308.356    139.391      6.726
        53      3.467    314.157    130.673     15.417
        54      3.533    319.709    122.787     24.976
        55      3.600    324.860    115.741     35.284
        56      3.667    330.000    109.616     46.242
        57      3.733    335.444    104.555     57.747
        58      3.800    341.124    100.664     69.687
        59      3.867    346.873     97.991     81.957
        60      3.933    352.543     96.541     94.483
        61      4.000    358.000     96.288    107.240
        62      4.067    363.186     97.211    120.229
        63      4.133    368.338     99.343    133.344
        64      4.200    373.757    102.740    146.326
        65      4.267    379.423    107.387    158.862
        66      4.333    385.000    113.148    170.707
        67      4.400    390.250    119.820    181.726
        68      4.467    395.380    127.302    191.896
        69      4.533    400.699    135.638    201.262
        70      4.600    406.288    144.913    209.829
        71      4.667    412.000    155.104    217.508
        72      4.733    417.693    166.068    224.173
        73      4.800    423.275    177.609    229.727
        74      4.867    428.671    189.510    234.127
        75      4.933    433.884    201.588    237.378
        76      5.000    439.000    213.752    239.509
        77      5.067    444.111    225.987    240.539
        78      5.133    449.322    238.289    240.450
        79      5.200    454.739    250.640    239.187
        80      5.267    460.345    262.973    236.686
        81      5.333    466.000    275.168    232.928
        82      5.400    471.597    287.063    227.943
        83      5.467    477.184    298.475    221.789
        84      5.533    482.840    309.205    214.550
        85      5.600    488.509    319.096    206.342
        86      5.667    494.000    328.089    197.289
        87      5.733    499.201    336.198    187.486
        88      5.800    504.347    343.401    176.981
        89      5.867    509.746    349.609    165.794
        90      5.933    515.399    354.715    153.974
        91      6.000    521.000    358.667    141.624
        92      6.067    526.314    361.473    128.890
        93      6.133    531.445    363.123    115.967
        94      6.200    536.575    363.603    103.113
        95      6.267    541.775    362.928     90.545
        96      6.333    547.000    361.143     78.325
        97      6.400    552.210    358.272     66.394
        98      6.467    557.405    354.317     54.736
***
   255.149
   201.623
   350.126
          (Y-COORDINATE)  =     94.773 M
