     1. TURNING CIRCLE TO STARBOARD
         1      0.000      0.000      0.000      0.000
         2      0.067      2.620      1.455     30.142
         3      0.133      4.988      4.222     60.107
         4      0.200      6.878      8.038     89.853
         5      0.267      8.600     12.804    119.358
         6      0.333     11.000     18.866    148.576
         7      0.400     14.649     26.852    177.347
         8      0.467     18.921     37.002    205.343
         9      0.533     22.918     48.993    232.189
        10      0.600     26.443     62.366    257.621
        11      0.667     30.000     76.968    281.506
        12      0.733     33.960     92.872    303.769
        13      0.800     38.047    110.026    324.380
        14      0.867     41.839    128.198    343.392
        15      0.933     45.345    147.142    360.839
        16      1.000     49.000    166.707    376.597
        17      1.067     53.144    186.787    390.430
        18      1.133     57.667    207.268    402.205
        19      1.200     62.342    228.064    411.938
        20      1.267     66.895    249.060    419.741
        21      1.333     71.000    270.039    425.812
        22      1.400     74.447    290.737    430.420
        23      1.467     77.501    310.995    433.759
        24      1.533     80.543    330.757    435.897
        25      1.600     83.931    350.020    436.788
        26      1.667     88.000    368.775    436.277
        27      1.733     92.741    386.976    434.223
        28      1.800     96.780    404.594    430.920
        29      1.867     98.501    421.734    427.127
        30      1.933     98.583    438.524    423.344
        31      2.000    100.000    454.924    419.179
        32      2.067    104.830    470.688    413.684
        33      2.133    111.169    485.521    406.548
        34      2.200    116.215    499.359    398.274
        35      2.267    119.322    512.353    389.471
        36      2.333    122.000    524.571    380.288
        37      2.400    125.449    535.960    370.556
        38      2.467    129.239    546.501    360.220
        39      2.533    132.562    556.281    349.399
        40      2.600    135.294    565.405    338.229
        41      2.667    138.000    573.872    326.747
        42      2.733    141.109    581.591    314.934
        43      2.800    144.403    588.511    302.824
        44      2.867    147.513    594.655    290.500
        45      2.933    150.329    600.088    278.039
        46      3.000    153.000    604.856    265.457
        47      3.067    155.681    608.977    252.731
        48      3.133    158.500    612.421    239.877
        49      3.200    161.573    615.118    226.970
        50      3.267    164.827    617.024    214.097
        51      3.333    168.000    618.171    201.297
        52      3.400    170.899    618.638    188.558
        53      3.467    173.635    618.469    175.877
        54      3.533    176.389    617.669    163.285
        55      3.600    179.206    616.233    150.830
        56      3.667    182.000    614.179    138.548
        57      3.733    184.722    611.536    126.461
        58      3.800    187.517    608.303    114.601
        59      3.867    190.563    604.445    103.012
        60      3.933    193.815    599.941     91.743
        61      4.000    197.000    594.830     80.826
        62      4.067    199.910    589.188     70.263
        63      4.133    202.644    583.068     60.062
        64      4.200    205.373    576.494     50.244
        65      4.267    208.167    569.479     40.836
        66      4.333    211.000    562.040     31.862
        67      4.400    213.837    554.203     23.341
        68      4.467    216.632    546.001     15.284
        69      4.533    219.345    537.473      7.695
        70      4.600    222.062    528.645      0.587
        71      4.667    225.000    519.515     -5.997
        72      4.733    228.268    510.072    -11.995
        73      4.800    231.522    500.363    -17.390
        74      4.867    234.322    490.491    -22.239
        75      4.933    236.668    480.518    -26.618
        76      5.000    239.000    470.401    -30.557
        77      5.067    241.664    460.031    -34.028
        78      5.133    244.547    449.389    -36.985
        79      5.200    247.429    438.583    -39.389
        80      5.267    250.227    427.750    -41.230
        81      5.333    253.000    416.953    -42.513
        82      5.400    255.796    406.196    -43.244
        83      5.467    258.602    395.489    -43.428
        84      5.533    261.391    384.862    -43.076
        85      5.600    264.174    374.349    -42.198
        86      5.667    267.000    363.972    -40.797
        87      5.733    269.883    353.752    -38.873
        88      5.800    272.685    343.720    -36.454
        89      5.867    275.239    333.916    -33.606
        90      5.933    277.591    324.346    -30.379
        91      6.000    280.000    314.956    -26.751
        92      6.067    282.668    305.670    -22.639
        93      6.133    285.533    296.510    -18.007
        94      6.200    288.468    287.609    -12.900
        95      6.267    291.339    279.075     -7.400
        96      6.333    294.000    270.872     -1.541
        97      6.400    296.386    262.874      4.707
        98      6.467    298.738    255.060     11.365
        99      6.533    301.359    247.546     18.402
       100      6.600    304.230    240.462     25.756
       101      6.667    307.000    233.827     33.365
       102      6.733    309.430    227.583     41.190
       103      6.800    311.759    221.716     49.210
       104      6.867    314.337    216.283     57.406
       105      6.933    317.185    211.332     65.771
       106      7.000    320.000    206.822     74.344
       107      7.067    322.540    202.668     83.198
       108      7.133    324.870    198.844     92.319
       109      7.200    327.131    195.400    101.568
       110      7.267    329.462    192.398    110.791
       111      7.333    332.000    189.873    119.936
       112      7.400    334.808    187.843    129.043
       113      7.467    337.655    186.287    138.181
       114      7.533    340.254    185.149    147.435
       115      7.600    342.605    184.391    156.845
       116      7.667    345.000    184.033    166.336
       117      7.733    347.668    184.126    175.750
       118      7.800    350.537    184.691    185.038
       119      7.867    353.458    185.738    194.303
       120      7.933    356.311    187.274    203.632
       121      8.000    359.000    189.264    212.928
       122      8.067    361.471    191.621    221.979
       123      8.133    363.824    194.293    230.724
       124      8.200    366.195    197.314    239.300
       125      8.267    368.614    200.743    247.847
       126      8.333    371.000    204.570    256.327
       127      8.400    373.318    208.712    264.583
       128      8.467    375.713    213.143    272.553
       129      8.533    378.369    217.941    280.304
       130      8.600    381.229    223.190    287.898
       131      8.667    384.000    228.852    295.289
       132      8.733    386.470    234.786    302.372
       133      8.800    388.803    240.930    309.120
       134      8.867    391.255    247.353    315.590
       135      8.933    393.974    254.157    321.816
       136      9.000    397.000    261.353    327.730
       137      9.067    400.298    268.861    333.204
       138      9.133    403.533    276.571    338.180
       139      9.200    406.316    284.392    342.702
       140      9.267    408.663    292.291    346.844
       141      9.333    411.000    300.332    350.648
       142      9.400    413.660    308.625    354.108
       143      9.467    416.542    317.183    357.181
       144      9.533    419.440    325.876    359.812
       145      9.600    422.257    334.578    361.984
       146      9.667    425.000    343.304    363.722
       147      9.733    427.707    352.174    365.055
       148      9.800    430.511    361.213    365.964
       149      9.867    433.564    370.297    366.389
       150      9.933    436.812    379.285    366.300
       151     10.000    440.000    388.164    365.718
       152     10.067    442.930    397.026    364.679
       153     10.133    445.665    405.942    363.199
***
   435.410
   376.454
   615.649
          (Y-COORDINATE)  =    147.341 M
