     1. TURNING CIRCLE TO PORT
         1      0.000      0.000      0.000      0.000
         2      0.067     -1.572     -0.855     30.190
         3      0.133     -3.176     -2.578     60.256
         4      0.200     -4.849     -5.190     90.091
         5      0.267     -6.718     -8.770    119.579
         6      0.333     -9.000    -13.504    148.622
         7      0.400    -11.856    -19.645    177.109
         8      0.467    -15.196    -27.370    204.862
         9      0.533    -18.872    -36.738    231.638
        10      0.600    -22.809    -47.725    257.182
        11      0.667    -27.000    -60.273    281.274
        12      0.733    -31.407    -74.287    303.725
        13      0.800    -35.842    -89.567    324.405
        14      0.867    -40.088   -105.821    343.264
        15      0.933    -44.099   -122.776    360.326
        16      1.000    -48.000   -140.265    375.653
        17      1.067    -51.914   -158.214    389.309
        18      1.133    -55.929   -176.555    401.310
        19      1.200    -60.123   -195.193    411.621
        20      1.267    -64.501   -214.024    420.213
        21      1.333    -69.000   -232.981    427.102
        22      1.400    -73.533   -252.015    432.342
        23      1.467    -77.922   -271.014    436.018
        24      1.533    -81.974   -289.789    438.272
        25      1.600    -85.637   -308.167    439.278
        26      1.667    -89.000   -326.074    439.191
        27      1.733    -92.175   -343.495    438.123
        28      1.800    -95.349   -360.342    436.135
        29      1.867    -98.721   -376.425    433.255
        30      1.933   -102.320   -391.598    429.528
        31      2.000   -106.000   -405.927    425.001
        32      2.067   -109.638   -419.623    419.682
        33      2.133   -113.223   -432.784    413.586
        34      2.200   -116.763   -445.350    406.778
        35      2.267   -120.119   -457.259    399.379
        36      2.333   -123.000   -468.588    391.510
        37      2.400   -125.417   -479.484    383.224
        38      2.467   -128.619   -489.849    374.370
        39      2.533   -134.077   -499.240    364.642
        40      2.600   -141.334   -507.212    353.940
        41      2.667   -148.000   -513.795    342.524
        42      2.733   -152.251   -519.461    330.734
        43      2.800   -154.863   -524.547    318.756
        44      2.867   -157.230   -529.090    306.662
        45      2.933   -159.985   -532.990    294.505
        46      3.000   -163.000   -536.182    282.356
        47      3.067   -166.138   -538.645    270.288
        48      3.133   -169.360   -540.379    258.351
        49      3.200   -172.653   -541.395    246.554
        50      3.267   -175.923   -541.721    234.891
        51      3.333   -179.000   -541.415    223.361
        52      3.400   -181.795   -540.545    211.957
        53      3.467   -184.543   -539.128    200.684
        54      3.533   -187.551   -537.124    189.564
        55      3.600   -190.811   -534.498    178.646
        56      3.667   -194.000   -531.289    167.993
        57      3.733   -196.882   -527.593    157.667
        58      3.800   -199.613   -523.468    147.692
        59      3.867   -202.433   -518.912    138.070
        60      3.933   -205.323   -513.915    128.779
        61      4.000   -208.000   -508.502    119.771
        62      4.067   -210.309   -502.720    110.987
        63      4.133   -212.650   -496.572    102.445
        64      4.200   -215.534   -490.025     94.265
        65      4.267   -218.877   -483.070     86.557
        66      4.333   -222.000   -475.753     79.300
        67      4.400   -224.439   -468.138     72.374
        68      4.467   -226.701   -460.238     65.751
        69      4.533   -229.504   -452.034     59.541
        70      4.600   -232.845   -443.539     53.867
        71      4.667   -236.000   -434.839     48.735
        72      4.733   -238.462   -426.034     44.047
        73      4.800   -240.718   -417.118     39.750
        74      4.867   -243.478   -407.973     35.882
        75      4.933   -246.780   -398.511     32.517
        76      5.000   -250.000   -388.814     29.679
        77      5.067   -252.650   -379.067     27.318
        78      5.133   -254.909   -369.341     25.371
        79      5.200   -257.117   -359.544     23.808
        80      5.267   -259.467   -349.578     22.643
        81      5.333   -262.000   -339.498     21.922
        82      5.400   -264.730   -329.463     21.691
        83      5.467   -267.572   -319.541     21.962
        84      5.533   -270.418   -309.653     22.732
        85      5.600   -273.223   -299.711     24.006
        86      5.667   -276.000   -289.759     25.783
        87      5.733   -278.771   -279.940     28.039
        88      5.800   -281.573   -270.352     30.748
        89      5.867   -284.446   -261.018     33.907
        90      5.933   -287.316   -251.933     37.506
        91      6.000   -290.000   -243.095     41.502
        92      6.067   -292.394   -234.508     45.834
        93      6.133   -294.742   -226.183     50.479
        94      6.200   -297.356   -218.146     55.465
        95      6.267   -300.223   -210.433     60.810
        96      6.333   -303.000   -203.067     66.470
        97      6.400   -305.445   -196.047     72.365
        98      6.467   -307.775   -189.338     78.491
        99      6.533   -310.309   -182.886     84.936
       100      6.600   -313.114   -176.682     91.781
       101      6.667   -316.000   -170.802     98.975
       102      6.733   -318.814   -165.356    106.360
       103      6.800   -321.595   -160.392    113.835
       104      6.867   -324.424   -155.891    121.409
       105      6.933   -327.272   -151.817    129.126
       106      7.000   -330.000   -148.142    136.984
       107      7.067   -332.505   -144.843    144.938
       108      7.133   -334.852   -141.909    152.941
       109      7.200   -337.148   -139.337    160.947
       110      7.267   -339.497   -137.130    168.949
       111      7.333   -342.000   -135.288    177.006
       112      7.400   -344.721   -133.823    185.214
       113      7.467   -347.569   -132.760    193.589
       114      7.533   -350.417   -132.117    202.036
       115      7.600   -353.217   -131.895    210.430
       116      7.667   -356.000   -132.083    218.694
       117      7.733   -358.794   -132.670    226.808
       118      7.800   -361.598   -133.648    234.807
       119      7.867   -364.402   -135.027    242.784
       120      7.933   -367.203   -136.824    250.792
       121      8.000   -370.000   -139.031    258.761
       122      8.067   -372.795   -141.606    266.542
       123      8.133   -375.595   -144.523    274.084
       124      8.200   -378.408   -147.807    281.466
       125      8.267   -381.221   -151.501    288.767
       126      8.333   -384.000   -155.593    295.955
       127      8.400   -386.739   -160.014    302.917
       128      8.467   -389.538   -164.710    309.561
       129      8.533   -392.520   -169.662    315.838
       130      8.600   -395.702   -174.884    321.745
       131      8.667   -399.000   -180.423    327.321
       132      8.733   -402.312   -186.345    332.624
       133      8.800   -405.500   -192.635    337.650
       134      8.867   -408.422   -199.170    342.342
       135      8.933   -411.157   -205.832    346.653
       136      9.000   -414.000   -212.638    350.588
       137      9.067   -417.155   -219.708    354.167
       138      9.133   -420.420   -227.074    357.378
       139      9.200   -423.503   -234.638    360.198
       140      9.267   -426.320   -242.261    362.615
***
   438.854
   331.562
   541.104
          (Y-COORDINATE)  =    219.280 M
