     1. TURNING CIRCLE TO PORT
         1      0.000      0.000      0.000      0.000
         2      0.067      0.498      0.272     30.573
         3      0.133      1.341      0.998     61.057
         4      0.200      2.864      2.537     91.438
         5      0.267      5.144      5.283    121.661
         6      0.333      8.000      9.524    151.611
         7      0.400     11.279     15.450    181.131
         8      0.467     14.979     23.229    210.036
         9      0.533     19.133     33.022    238.114
        10      0.600     23.585     44.863    265.098
        11      0.667     28.000     58.538    290.688
        12      0.733     32.122     73.649    314.635
        13      0.800     36.050     89.903    336.849
        14      0.867     39.967    107.205    357.378
        15      0.933     43.957    125.515    376.257
        16      1.000     48.000    144.684    393.409
        17      1.067     52.062    164.452    408.713
        18      1.133     56.058    184.600    422.170
        19      1.200     59.891    205.016    433.908
        20      1.267     63.528    225.632    444.072
        21      1.333     67.000    246.315    452.750
        22      1.400     70.264    266.882    460.027
        23      1.467     72.979    287.211    466.149
        24      1.533     74.739    307.302    471.528
        25      1.600     75.384    327.201    476.611
        26      1.667     75.000    346.907    481.781
        27      1.733     73.672    366.359    487.366
        28      1.800     71.443    385.512    493.676
        29      1.867     68.346    404.328    501.020
        30      1.933     64.479    422.705    509.658
        31      2.000     60.000    440.411    519.734
        32      2.067     55.124    457.154    531.243
        33      2.133     50.271    472.782    544.056
        34      2.200     45.891    487.343    557.979
        35      2.267     41.965    500.925    572.869
        36      2.333     38.000    513.456    588.670
        37      2.400     33.640    524.734    605.348
        38      2.467     29.155    534.630    622.770
        39      2.533     24.956    543.154    640.715
        40      2.600     21.042    550.351    658.980
        41      2.667     17.000    556.160    677.431
        42      2.733     12.560    560.452    695.949
        43      2.800      8.086    563.226    714.322
        44      2.867      4.080    564.668    732.274
        45      2.933      0.548    564.992    749.642
        46      3.000     -3.000    564.267    766.501
        47      3.067     -6.928    562.415    783.054
        48      3.133    -11.014    559.412    799.330
        49      3.200    -14.898    555.373    815.142
        50      3.267    -18.497    550.480    830.279
        51      3.333    -22.000    544.846    844.649
        52      3.400    -25.566    538.511    858.259
        53      3.467    -29.186    531.479    871.175
        54      3.533    -32.809    523.725    883.497
        55      3.600    -36.412    515.242    895.271
        56      3.667    -40.000    506.108    906.411
        57      3.733    -43.581    496.491    916.754
        58      3.800    -47.182    486.513    926.221
        59      3.867    -50.831    476.197    934.833
        60      3.933    -54.478    465.514    942.659
        61      4.000    -58.000    454.432    949.776
        62      4.067    -61.307    442.935    956.259
        63      4.133    -64.456    431.088    962.108
        64      4.200    -67.541    419.066    967.262
        65      4.267    -70.677    407.033    971.661
        66      4.333    -74.000    395.013    975.283
        67      4.400    -77.580    382.920    978.119
        68      4.467    -81.229    370.723    980.175
        69      4.533    -84.701    358.475    981.484
        70      4.600    -87.923    346.256    982.102
        71      4.667    -91.000    334.114    982.065
        72      4.733    -94.055    322.076    981.389
        73      4.800    -97.271    310.175    980.049
        74      4.867   -100.828    298.459    977.991
        75      4.933   -104.570    286.983    975.194
        76      5.000   -108.000    275.771    971.742
        77      5.067   -110.809    264.815    967.773
        78      5.133   -113.490    254.131    963.329
        79      5.200   -116.709    243.799    958.337
        80      5.267   -120.446    233.898    952.732
        81      5.333   -124.000    224.411    946.558
        82      5.400   -126.879    215.243    939.916
        83      5.467   -129.537    206.384    932.851
        84      5.533   -132.643    197.952    925.347
        85      5.600   -136.291    190.081    917.393
        86      5.667   -140.000    182.790    909.005
        87      5.733   -143.378    176.008    900.209
        88      5.800   -146.489    169.703    891.048
        89      5.867   -149.503    163.905    881.597
        90      5.933   -152.407    158.634    871.945
        91      6.000   -155.000    153.843    862.146
        92      6.067   -157.155    149.438    852.211
        93      6.133   -159.059    145.358    842.123
        94      6.200   -160.970    141.592    831.846
        95      6.267   -162.978    138.159    821.357
        96      6.333   -165.000    135.075    810.680
        97      6.400   -166.979    132.347    799.857
        98      6.467   -168.971    129.978    788.867
        99      6.533   -171.058    127.975    777.609
       100      6.600   -173.151    126.337    765.970
       101      6.667   -175.000    125.032    753.897
       102      6.733   -176.418    123.991    741.400
       103      6.800   -177.515    123.166    728.566
       104      6.867   -178.468    122.544    715.552
       105      6.933   -179.325    122.112    702.438
       106      7.000   -180.000    121.825    689.062
       107      7.067   -180.448    121.633    675.116
       108      7.133   -180.802    121.520    660.533
       109      7.200   -181.233    121.513    645.575
       110      7.267   -181.709    121.628    630.508
       111      7.333   -182.000    121.820    615.277
       112      7.400   -181.908    121.988    599.585
       113      7.467   -181.404    122.017    583.244
       114      7.533   -180.501    121.776    566.267
       115      7.600   -179.304    121.158    548.774
       116      7.667   -178.000    120.116    530.897
       117      7.733   -176.748    118.656    512.746
       118      7.800   -175.568    116.787    494.316
       119      7.867   -174.451    114.500    475.467
       120      7.933   -173.514    111.819    456.064
       121      8.000   -173.000    108.875    436.108
       122      8.067   -173.081    105.890    415.699
       123      8.133   -173.622    103.043    394.886
       124      8.200   -174.415    100.430    373.634
       125      8.267   -175.267     98.082    351.911
       126      8.333   -176.000     95.973    329.780
       127      8.400   -176.428     94.001    307.367
       128      8.467   -176.325     91.964    284.736
       129      8.533   -175.466     89.556    261.865
       130      8.600   -173.911     86.478    238.731
       131      8.667   -172.000     82.571    215.383
       132      8.733   -170.087     77.828    191.910
       133      8.800   -168.531     72.394    168.350
       134      8.867   -167.681     66.551    144.656
       135      8.933   -167.586     60.608    120.739
       136      9.000   -168.000     54.771     96.525
       137      9.067   -168.691     49.158     71.964
       138      9.133   -169.542     43.855     47.083
       139      9.200   -170.463     38.921     21.984
       140      9.267   -171.333     34.354     -3.244
       141      9.333   -172.000     30.060    -28.615
       142      9.400   -172.389     25.899    -54.228
       143      9.467   -172.739     21.848    -80.136
       144      9.533   -173.357     18.038   -106.317
       145      9.600   -174.223     14.598   -132.717
       146      9.667   -175.000     11.495   -159.299
       147      9.733   -175.446      8.578   -186.053
       148      9.800   -175.776      5.793   -212.991
       149      9.867   -176.306      3.234   -240.142
       150      9.933   -177.106      1.036   -267.510
       151     10.000   -178.000     -0.749   -295.039
       152     10.067   -178.837     -2.139   -322.632
       153     10.133   -179.619     -3.156   -350.221
***
   982.077
   338.060
   121.825
          (Y-COORDINATE)  =    689.062 M
